SZ50  (575,249)  (595,273)  (571,273)  (569,225)  (593,225)  (595,297)  (571,297)  (568,201)  (592,201)
W5  (165,327)  (176,351)  (170,303)
German Industry  (19,18)  (33,42)  (9,42)  (43,0)
S10  (1033,866)  (1056,890)  (1032,890)  (1015,842)  (1057,847)
SZ51  (580,379)  (575,403)  (565,355)  (573,427)  (565,331)
W6  (175,388)
W3  (237,393)  (241,417)
W4  (215,464)  (228,488)  (204,488)  (204,440)  (239,450)
W1  (311,397)  (287,397)  (335,394)
SZ54  (702,795)  (678,818)  (678,794)  (711,819)  (726,772)  (735,796)
N10  (1014,70)  (990,93)  (990,69)  (1037,94)  (1014,46)  (1038,48)  (1061,72)  (1061,108)
W2  (234,334)  (210,345)  (258,325)
SZ55  (786,784)
SZ52  (644,485)  (620,500)  (620,476)  (644,461)  (668,461)  (668,485)  (596,500)  (596,476)  (692,472)  (692,496)
SZ53  (631,636)  (607,659)  (607,635)  (654,660)  (631,612)  (655,612)  (655,636)  (605,611)  (630,683)  (606,683)  (676,684)  (629,588)  (653,588)  (594,587)  (652,707)  (628,707)  (604,707)  (676,708)  (618,564)  (642,564)  (666,564)  (594,563)  (652,731)  (628,731)  (604,731)  (676,732)  (618,540)  (642,540)  (666,540)  (594,539)
SZ58  (715,423)  (732,447)  (708,447)
E5  (1684,311)  (1660,300)  (1708,291)
SZ59  (671,395)
SZ9  (128,116)  (104,138)  (104,114)  (128,92)  (152,92)  (152,116)
E6  (1676,368)  (1652,362)  (1693,392)  (1700,361)
SZ8  (166,37)  (142,53)  (165,13)  (189,13)  (190,37)
SZ56  (761,652)  (737,675)  (737,651)  (784,676)  (761,628)  (785,628)  (785,652)  (735,627)  (760,699)  (736,699)  (713,675)  (713,651)  (808,676)  (808,700)  (784,700)  (712,700)  (759,604)  (783,604)  (807,604)  (809,628)  (809,652)  (711,627)  (711,603)  (735,603)  (760,723)  (736,723)  (826,724)  (802,724)  (712,724)  (759,580)  (783,580)  (807,580)  (700,579)  (724,579)  (778,747)  (754,747)  (807,748)  (730,748)  (706,748)  (748,556)  (772,556)  (796,556)  (820,556)  (700,555)  (724,555)  (748,532)  (772,532)  (796,532)  (820,532)  (700,531)  (724,531)
E7  (1661,422)  (1637,419)  (1685,428)
SZ57  (765,485)  (741,500)  (741,476)  (789,463)  (789,487)  (813,473)  (813,497)
SZ7  (69,71)  (93,56)  (93,80)
E8  (1753,327)  (1729,337)  (1763,351)  (1743,303)  (1777,318)
E9  (1745,388)
SZ1  (33,745)  (9,752)  (9,728)  (56,769)  (57,725)  (67,793)
SZ2  (28,669)  (4,692)  (4,668)  (51,693)  (28,645)  (52,645)  (52,669)  (2,644)
SZ5  (21,215)  (0,191)  (24,191)  (45,215)  (48,188)
E2  (1587,321)  (1563,312)  (1610,345)  (1586,345)  (1609,297)  (1611,321)  (1539,310)  (1635,324)
SZ6  (31,144)  (7,160)  (40,120)  (55,144)
E1  (1466,389)  (1442,406)  (1442,382)  (1490,379)
SZ3  (17,521)  (40,545)  (16,545)  (0,497)  (24,497)  (41,521)  (49,569)  (25,569)  (1,569)  (0,473)  (24,473)  (48,457)  (49,593)  (25,593)  (1,593)  (0,449)  (24,449)  (48,433)  (0,425)  (24,425)
E4  (1559,425)  (1535,436)  (1582,449)  (1583,409)  (1606,433)
SZ4  (9,344)  (32,368)  (8,368)  (0,320)  (56,368)  (0,296)  (24,285)  (0,272)  (24,261)
E3  (1577,376)  (1553,384)  (1601,370)
SZ60  (713,354)  (698,330)  (722,330)
SZ61  (654,285)  (630,300)  (630,276)  (678,268)  (678,292)
SZ62  (655,225)  (631,244)  (631,220)  (655,201)  (679,201)  (679,225)  (687,177)
SZ63  (722,132)  (698,145)  (698,121)  (746,122)  (686,97)
SZ64  (793,129)
SZ65  (767,203)  (743,226)  (743,202)  (790,227)  (767,179)  (791,179)  (791,203)  (741,178)  (719,244)  (719,220)  (814,227)  (815,167)  (815,191)  (717,196)  (717,172)
SZ66  (770,291)  (746,294)  (746,270)  (794,268)  (794,292)  (722,294)  (722,270)  (818,268)  (818,292)
SZ67  (782,344)  (758,353)
SZ68  (779,432)  (803,429)
SZ69  (885,130)  (861,143)  (861,119)  (908,106)  (909,130)  (837,143)  (837,119)  (932,93)  (933,117)  (933,141)
UK  (1462,455)  (1465,479)  (1464,431)  (1441,481)  (1488,423)
USA Industry  (1787,15)  (1763,26)  (1763,2)  (1811,0)  (1811,24)
SZ32  (347,779)  (323,802)  (323,778)  (370,803)  (347,755)  (371,755)  (371,779)  (321,754)  (346,826)  (322,826)  (373,827)  (345,731)  (369,731)  (317,730)
SZ33  (360,864)  (336,876)  (384,855)  (408,855)
SZ30  (408,552)  (384,572)  (384,548)  (414,528)  (432,552)  (438,522)  (360,572)  (360,548)  (413,504)  (456,546)  (456,570)  (462,503)
SZ31  (371,647)  (347,670)  (347,646)  (394,671)  (371,623)  (395,623)  (395,647)  (345,622)  (370,694)  (346,694)  (323,670)  (323,646)  (418,671)  (418,695)  (394,695)  (322,695)  (369,599)  (393,599)  (417,599)  (419,623)  (419,647)  (321,622)
SZ38  (446,782)  (422,805)  (422,781)  (469,806)  (446,758)  (470,758)  (470,782)  (420,757)  (445,829)  (421,829)  (398,805)  (398,781)  (493,806)  (493,830)  (469,830)  (397,830)  (455,734)  (479,734)  (494,758)  (494,782)
SZ39  (570,800)  (546,823)  (546,799)  (570,824)  (570,776)  (594,776)  (594,800)  (544,775)  (618,772)  (618,796)  (642,772)  (642,796)
SZ36  (493,867)  (469,876)  (517,855)  (445,876)  (541,855)  (565,855)
SZ37  (538,913)  (514,921)  (562,900)
Kings South  (833,870)
SZ34  (317,912)  (293,921)  (341,900)
SZ35  (427,914)  (403,921)  (451,900)  (475,901)
UI South  (1820,74)
II East  (121,917)  (97,921)
KW2  (633,416)  (609,423)  (624,392)  (657,421)
KW1  (635,343)  (611,338)  (658,367)  (659,329)
SZ41  (549,672)  (525,695)  (525,671)  (570,696)  (549,648)  (525,647)  (546,719)  (570,720)  (549,624)  (525,623)  (546,743)  (570,744)  (549,600)  (525,599)
SZ42  (528,539)  (504,562)  (504,538)  (551,563)  (528,515)  (552,515)  (552,539)  (502,514)  (566,491)  (566,467)
KE1  (899,352)
SZ43  (471,452)  (447,475)  (447,451)  (494,476)  (471,428)  (495,428)  (495,452)  (445,427)  (423,479)  (423,455)  (518,476)  (519,423)  (519,447)  (421,431)
SZ44  (480,360)  (456,383)  (456,359)  (503,384)  (480,336)  (504,336)  (504,360)  (454,335)  (432,399)  (432,375)  (527,384)  (528,324)  (528,348)  (430,351)  (430,327)
SZ40  (480,654)  (456,677)  (456,653)  (501,678)  (480,630)  (454,629)  (478,606)  (454,605)
SZ49  (611,132)  (587,155)  (587,131)  (634,156)  (611,108)  (635,108)  (635,132)  (585,107)  (658,156)  (659,94)  (659,118)
SZ45  (467,263)  (443,286)  (443,262)  (490,287)  (467,239)  (491,239)  (491,263)  (441,238)  (419,300)  (419,276)  (514,287)  (515,232)  (515,256)  (417,252)
SZ46  (466,162)  (442,185)  (442,161)  (489,186)  (466,138)  (490,138)  (490,162)  (440,137)  (418,208)  (418,184)  (513,186)  (514,123)  (514,147)  (416,160)  (416,136)  (537,171)  (537,195)  (538,123)  (538,147)
SZ47  (473,84)  (449,99)  (449,75)  (497,64)  (497,88)  (521,99)
KE2  (915,426)  (891,445)  (908,402)  (932,402)
SZ48  (507,22)  (483,40)  (483,16)  (531,0)  (531,24)
W8  (91,318)  (67,340)  (67,316)  (114,342)  (115,297)  (43,330)  (139,285)
W7  (154,455)  (169,479)  (145,479)
W9  (114,391)  (133,415)  (109,415)
S2  (653,917)  (629,921)
SZ95  (1140,427)  (1116,450)  (1116,426)  (1163,451)  (1140,403)  (1164,403)  (1164,427)  (1114,402)  (1092,458)  (1092,434)  (1187,451)  (1188,396)  (1188,420)  (1090,410)  (1068,458)  (1068,434)  (1211,444)  (1212,396)  (1212,420)  (1066,410)  (1044,458)  (1044,434)  (1235,444)  (1236,396)  (1236,420)  (1042,410)  (1259,444)  (1260,396)  (1260,420)  (1283,444)  (1284,396)  (1284,420)
S1  (634,858)  (610,881)  (610,857)  (658,844)  (658,868)
SZ94  (1133,355)  (1109,372)  (1109,348)  (1157,333)  (1157,357)  (1085,372)  (1085,348)  (1181,333)  (1181,357)  (1061,372)  (1061,348)  (1205,333)  (1205,357)  (1037,372)  (1037,348)  (1229,333)  (1229,357)  (1253,333)  (1253,357)  (1277,333)  (1277,357)
SZ93  (1231,296)  (1207,309)  (1207,285)  (1255,274)  (1255,298)  (1279,274)  (1279,298)
SZ92  (1183,176)  (1159,199)  (1159,175)  (1206,200)  (1183,152)  (1207,152)  (1207,176)  (1157,151)  (1182,223)  (1158,223)  (1230,200)  (1230,224)  (1206,224)  (1181,128)  (1205,128)  (1229,128)  (1231,152)  (1231,176)  (1145,127)  (1182,247)  (1158,247)  (1232,248)  (1208,248)
SZ99  (1336,865)  (1312,885)  (1312,861)  (1360,846)  (1360,870)  (1288,885)  (1288,861)  (1384,846)  (1384,870)  (1264,885)  (1264,861)  (1408,846)  (1408,870)  (1432,846)  (1432,870)
SZ98  (1258,773)  (1234,796)  (1234,772)  (1281,797)  (1258,749)  (1282,749)  (1282,773)  (1232,748)  (1257,820)  (1233,820)  (1210,796)  (1210,772)  (1305,797)  (1305,821)  (1281,821)  (1209,821)  (1256,725)  (1280,725)  (1304,725)  (1306,749)  (1306,773)  (1208,748)  (1208,724)  (1232,724)
Italy  (288,471)  (264,494)  (311,495)  (273,447)  (297,447)
SZ97  (1271,629)  (1247,652)  (1247,628)  (1294,653)  (1271,605)  (1295,605)  (1295,629)  (1245,604)  (1270,676)  (1246,676)  (1223,652)  (1223,628)  (1318,653)  (1318,677)  (1294,677)  (1222,677)  (1269,581)  (1293,581)  (1317,581)  (1319,605)  (1319,629)  (1221,604)  (1221,580)  (1245,580)  (1341,564)  (1342,653)  (1342,677)  (1343,588)  (1343,612)  (1365,550)  (1366,636)  (1366,660)  (1366,684)  (1367,574)  (1367,598)
SZ96  (1209,508)  (1185,531)  (1185,507)  (1232,532)  (1209,484)  (1233,484)  (1233,508)  (1183,483)  (1161,540)  (1161,516)  (1256,532)  (1257,482)  (1257,506)  (1280,530)  (1281,482)  (1281,506)
BI North  (1824,812)  (1834,836)  (1814,788)
SZ79  (1036,794)  (1012,811)  (1012,787)  (1059,818)  (1036,770)  (1060,770)  (1060,794)
SZ78  (939,791)  (915,803)  (915,779)  (962,815)  (963,770)  (891,797)  (891,773)  (986,794)  (987,770)
SZ77  (844,782)
SZ76  (926,624)  (902,647)  (902,623)  (949,648)  (926,600)  (950,600)  (950,624)  (900,599)  (925,671)  (901,671)  (878,647)  (878,623)  (973,648)  (973,672)  (949,672)  (877,672)  (924,576)  (948,576)  (972,576)  (974,600)  (974,624)  (876,599)  (876,575)  (900,575)  (996,554)  (925,695)  (901,695)  (854,648)  (854,624)  (997,648)  (997,672)  (997,696)  (973,696)  (949,696)  (877,696)  (853,696)  (853,672)  (924,552)  (948,552)  (972,552)  (998,578)  (998,602)  (852,600)  (852,576)  (852,552)  (876,551)  (900,551)  (996,530)  (925,719)  (901,719)  (1011,720)  (987,720)  (963,720)  (877,720)  (853,720)
SZ75  (901,489)  (877,500)  (877,476)  (925,475)  (925,499)  (853,500)  (853,476)  (949,471)  (949,495)
SZ74  (881,395)
SZ73  (843,424)  (856,448)  (832,448)
SZ72  (840,347)  (857,371)  (833,371)  (827,323)  (851,323)
SZ71  (895,286)  (871,296)  (871,272)  (919,268)  (919,292)
SZ70  (904,214)  (880,237)  (880,213)  (927,238)  (904,190)  (928,190)  (928,214)  (878,189)  (856,244)  (856,220)  (951,238)  (952,167)  (952,191)
SZ80  (1140,917)  (1116,921)  (1164,909)  (1092,921)  (1188,909)  (1212,909)
SZ89  (1007,131)  (983,143)  (1031,136)  (1055,137)
SZ86  (978,386)  (954,370)  (998,410)  (974,410)  (978,362)  (998,434)  (974,434)  (966,338)  (990,338)
SZ85  (1058,488)  (1034,500)  (1082,482)  (1010,500)  (1106,482)  (1130,482)
SZ88  (1037,200)  (1013,223)  (1013,199)  (1060,224)  (1037,176)  (1061,176)  (1061,200)  (1011,175)  (989,227)  (989,203)  (1084,224)  (1085,167)  (1085,191)  (987,179)  (1088,143)  (1108,215)  (1109,167)  (1109,191)  (1112,125)
SZ87  (1028,274)  (1004,297)  (1004,273)  (1051,298)  (1052,251)  (980,309)  (980,285)  (1075,275)  (1075,299)  (1076,251)  (1099,275)  (1099,299)  (1100,251)  (1123,275)  (1123,299)  (1147,274)  (1147,298)  (1171,274)  (1171,298)
SZ82  (1131,802)  (1107,822)  (1107,798)  (1131,778)  (1155,778)  (1155,802)  (1102,774)
SZ81  (1141,866)  (1117,885)  (1117,861)  (1165,846)  (1165,870)  (1093,885)  (1093,861)  (1189,846)  (1189,870)  (1213,846)  (1213,870)
SZ84  (1090,572)  (1066,595)  (1066,571)  (1113,596)  (1090,548)  (1114,548)  (1114,572)  (1064,547)  (1042,607)  (1042,583)  (1137,596)  (1088,524)  (1112,524)  (1138,564)  (1040,559)  (1040,535)  (1161,588)  (1162,564)
SZ83  (1104,688)  (1080,711)  (1080,687)  (1127,712)  (1104,664)  (1128,664)  (1128,688)  (1078,663)  (1103,735)  (1079,735)  (1056,711)  (1056,687)  (1151,712)  (1151,736)  (1127,736)  (1055,736)  (1102,640)  (1126,640)  (1150,640)  (1152,664)  (1152,688)  (1054,663)  (1054,639)  (1078,639)  (1174,631)  (1175,712)  (1175,736)  (1176,655)  (1176,679)
S3  (719,884)  (700,860)
W10  (101,461)  (77,477)
S4  (775,839)  (751,862)  (751,838)  (799,826)  (799,850)
S5  (790,905)  (766,921)  (814,908)
SZ90  (1153,23)  (1129,46)  (1129,22)  (1177,0)  (1177,24)  (1105,46)  (1105,22)  (1201,0)  (1201,24)  (1225,0)  (1225,24)
S6  (887,839)  (863,831)  (911,828)  (911,852)
SZ91  (1150,87)  (1126,100)  (1126,76)  (1174,70)  (1174,94)  (1102,100)  (1198,70)  (1198,94)
S7  (886,908)  (862,921)  (910,895)  (910,919)
S8  (970,882)
Kings Hill  (777,391)
S9  (1000,917)  (1024,920)
SZ106  (1353,330)  (1329,353)  (1329,329)  (1376,354)  (1353,306)  (1377,306)  (1377,330)  (1327,305)  (1351,282)  (1375,282)  (1399,282)  (1401,306)  (1401,330)  (1313,281)  (1423,274)  (1425,298)
SZ107  (1322,191)  (1298,214)  (1298,190)  (1345,215)  (1322,167)  (1346,167)  (1346,191)  (1296,166)  (1321,238)  (1297,238)  (1274,214)  (1274,190)  (1369,215)  (1369,239)  (1345,239)  (1273,239)  (1320,143)  (1344,143)  (1368,143)  (1370,167)  (1370,191)  (1272,166)  (1272,142)  (1296,142)  (1392,124)  (1393,215)  (1393,239)  (1394,148)  (1394,172)
SZ108  (1307,84)  (1283,100)  (1283,76)  (1331,70)  (1331,94)  (1259,100)  (1259,76)  (1355,70)  (1355,94)  (1379,70)  (1379,94)
SZ109  (1344,24)  (1320,46)  (1320,22)  (1344,0)  (1368,0)  (1368,24)  (1296,46)  (1296,22)  (1392,0)  (1392,24)  (1272,45)  (1272,21)  (1416,0)  (1416,24)
Kings North  (797,39)
SZ101  (1489,915)  (1465,921)  (1513,909)  (1441,921)  (1537,909)  (1561,909)
SZ100  (1326,912)  (1302,921)  (1350,909)  (1278,921)  (1374,909)  (1254,921)  (1398,909)
SZ103  (1396,777)  (1372,800)  (1372,776)  (1419,801)  (1396,753)  (1420,753)  (1420,777)  (1370,752)  (1348,822)  (1348,798)  (1443,801)  (1444,739)  (1444,763)  (1346,774)  (1346,750)  (1370,728)  (1345,726)  (1468,739)  (1492,739)  (1516,739)
SZ102  (1526,827)  (1502,850)  (1502,826)  (1549,851)  (1526,803)  (1550,803)  (1550,827)  (1500,802)  (1525,874)  (1501,874)  (1478,850)  (1478,826)  (1568,875)  (1477,875)  (1524,779)  (1548,779)  (1572,779)  (1574,803)  (1574,827)  (1477,778)  (1596,778)  (1598,802)  (1598,826)
SZ105  (1357,469)  (1333,492)  (1333,468)  (1380,493)  (1357,445)  (1381,445)  (1381,469)  (1331,444)  (1356,516)  (1332,516)  (1391,517)  (1355,421)  (1379,421)  (1403,421)  (1405,445)  (1405,469)  (1313,420)  (1337,397)  (1361,397)  (1385,397)
SZ104  (1451,641)  (1427,664)  (1427,640)  (1474,665)  (1451,617)  (1475,617)  (1475,641)  (1425,616)  (1450,688)  (1426,688)  (1403,664)  (1403,640)  (1498,665)  (1498,689)  (1474,689)  (1402,689)  (1449,593)  (1473,593)  (1497,593)  (1499,617)  (1499,641)  (1401,616)  (1401,592)  (1425,592)  (1450,712)  (1426,712)  (1520,713)  (1496,713)  (1402,713)  (1449,569)  (1473,569)  (1497,569)  (1400,568)  (1424,568)
N7  (845,69)  (821,89)  (869,49)  (869,73)
N6  (846,10)  (822,6)  (870,0)
N9  (997,0)  (973,0)  (1021,0)  (1043,24)  (1045,0)
N8  (929,42)  (930,66)  (953,27)  (954,51)
N1  (603,3)  (579,20)  (627,0)
N3  (674,38)  (688,62)
N2  (603,53)  (579,71)  (579,47)  (627,35)  (627,59)  (555,77)
N5  (745,68)  (721,90)  (721,66)  (767,92)  (769,67)
N4  (742,9)  (718,14)  (766,0)
British Industry  (1796,901)  (1772,921)  (1820,885)  (1820,909)
BI West  (1707,918)  (1731,910)
SZ129  (1756,245)  (1765,269)  (1747,221)
SZ125  (1812,454)  (1834,478)  (1810,478)  (1794,430)  (1818,430)  (1786,481)  (1834,502)  (1810,502)  (1795,406)  (1819,406)  (1786,505)
SZ124  (1798,631)  (1821,655)  (1797,655)  (1782,607)  (1806,607)  (1822,631)  (1830,599)  (1834,679)  (1810,679)  (1786,679)  (1782,583)  (1806,583)  (1830,575)  (1833,703)  (1809,703)  (1785,703)  (1782,559)  (1806,559)  (1830,551)  (1782,535)  (1806,535)
SZ127  (1661,254)  (1637,269)  (1637,245)  (1685,234)  (1685,258)  (1613,269)  (1613,245)  (1709,234)  (1709,258)
SZ126  (1811,344)  (1834,368)  (1810,368)  (1813,320)  (1806,296)  (1830,296)
SZ121  (1710,647)  (1686,670)  (1686,646)  (1733,671)  (1710,623)  (1734,623)  (1734,647)  (1684,622)  (1709,694)  (1685,694)  (1757,671)  (1757,695)  (1733,695)  (1708,599)  (1732,599)  (1756,599)  (1758,623)  (1758,647)  (1674,598)  (1709,718)  (1685,718)  (1698,575)  (1722,575)  (1746,575)  (1674,574)  (1729,742)  (1705,742)  (1681,742)
SZ120  (1771,754)  (1787,778)  (1763,778)  (1753,730)  (1777,730)  (1795,754)  (1801,727)  (1787,802)  (1763,802)  (1825,727)
SZ123  (1728,520)  (1711,496)  (1735,496)  (1752,520)
SZ122  (1627,512)  (1603,531)  (1603,507)  (1627,488)  (1651,488)  (1651,512)  (1597,483)  (1579,531)  (1579,507)  (1632,464)  (1675,480)  (1675,504)  (1675,528)  (1573,483)
SZ119  (1739,852)  (1715,875)  (1715,851)  (1755,876)  (1763,831)  (1779,855)  (1787,831)
UI West  (1668,0)
SZ117  (1670,799)  (1646,822)  (1646,798)  (1690,823)  (1670,775)  (1694,775)  (1694,799)  (1644,774)  (1718,770)  (1718,794)
SZ118  (1639,890)  (1615,913)  (1615,889)  (1663,868)  (1663,892)  (1591,920)  (1687,868)  (1687,892)
SZ116  (1590,638)  (1566,661)  (1566,637)  (1613,662)  (1590,614)  (1614,614)  (1614,638)  (1564,613)  (1589,685)  (1565,685)  (1637,662)  (1637,686)  (1613,686)  (1588,590)  (1612,590)  (1636,590)  (1638,614)  (1638,638)  (1544,589)  (1589,709)  (1565,709)  (1650,710)  (1626,710)  (1568,566)  (1592,566)  (1616,566)  (1640,566)  (1544,565)  (1602,733)  (1578,733)  (1554,733)  (1650,734)  (1626,734)
SZ115  (1500,509)  (1476,531)  (1512,485)  (1524,509)  (1536,473)  (1452,531)  (1548,497)  (1548,521)  (1428,531)
SZ114  (1513,239)  (1489,248)  (1536,263)  (1537,234)  (1477,272)  (1465,248)  (1560,258)  (1561,234)  (1453,282)
USA  (1484,334)  (1460,339)  (1475,310)  (1508,334)  (1532,336)
SZ112  (1474,162)  (1450,185)  (1450,161)  (1497,186)  (1474,138)  (1498,138)  (1498,162)  (1448,137)  (1473,209)  (1449,209)  (1426,185)  (1426,161)  (1521,186)  (1521,210)  (1497,210)  (1425,210)  (1522,132)  (1522,156)  (1424,137)  (1545,180)  (1545,204)  (1427,234)  (1546,132)  (1546,156)
II North  (6,816)  (20,840)  (0,792)
SZ111  (1510,88)  (1486,108)  (1486,84)  (1534,70)  (1534,94)  (1462,108)  (1462,84)  (1558,70)  (1558,94)  (1438,108)  (1438,84)  (1582,70)  (1582,94)  (1606,70)  (1606,94)
SZ110  (1507,25)  (1483,46)  (1483,22)  (1507,1)  (1531,1)  (1531,25)  (1459,46)  (1459,22)  (1555,0)  (1555,24)
Germany  (309,342)  (285,358)  (333,327)
SZ13  (128,684)  (104,707)  (104,683)  (151,708)  (128,660)  (152,660)  (152,684)  (102,659)  (127,731)  (103,731)  (169,732)  (126,636)  (150,636)  (121,612)  (145,612)  (169,612)
SZ12  (81,557)  (97,581)  (73,581)  (73,533)  (97,533)  (97,605)  (73,605)  (73,509)  (97,509)
SZ15  (73,856)  (49,859)  (96,880)  (97,835)
SZ14  (137,797)  (113,811)  (113,787)  (160,821)  (137,773)  (161,773)  (161,797)  (136,835)
SZ17  (246,809)  (222,832)  (222,808)  (269,833)  (246,785)  (270,785)  (270,809)  (220,784)  (291,857)
SZ16  (195,891)  (171,899)  (171,875)  (218,915)  (195,867)  (219,867)  (219,891)  (147,892)  (147,868)  (242,915)  (243,865)  (243,889)
SZ19  (163,552)  (139,575)  (139,551)  (186,576)  (163,528)  (187,528)  (187,552)  (137,527)
SZ18  (243,679)  (219,702)  (219,678)  (266,703)  (243,655)  (267,655)  (267,679)  (217,654)  (242,726)  (218,726)  (195,702)  (195,678)  (290,703)  (290,727)  (266,727)  (194,727)  (241,631)  (265,631)  (289,631)  (291,655)  (291,679)  (193,654)  (193,630)  (217,630)  (241,607)  (265,607)  (289,607)  (193,606)  (217,606)
Italian Industry  (18,907)  (0,883)  (42,886)  (42,910)
SZ11  (101,256)  (77,276)  (125,238)  (53,279)
SZ10  (137,189)  (113,212)  (113,188)  (160,213)  (137,165)  (161,165)  (161,189)  (111,164)  (89,214)  (89,190)  (184,213)  (185,142)  (185,166)  (87,166)
SZ26  (346,84)  (322,101)  (322,77)  (370,64)  (370,88)  (298,101)  (298,77)  (394,64)  (394,88)
SZ25  (399,22)  (375,40)  (375,16)  (423,0)  (423,24)  (447,0)  (447,24)
SZ24  (276,23)  (252,40)  (252,16)  (300,0)  (300,24)  (228,40)  (228,16)  (324,0)  (324,24)
SZ23  (241,150)  (264,174)  (240,174)  (221,126)  (245,126)  (265,150)  (269,122)  (197,117)  (273,198)  (249,198)  (225,198)  (221,102)  (245,102)  (269,98)  (183,93)  (207,78)  (231,78)  (255,74)
SZ29  (367,457)  (389,481)  (365,481)  (347,433)  (371,433)  (389,505)  (365,505)
E10  (1739,437)  (1763,428)  (1763,452)
SZ130  (1817,235)  (1793,258)  (1793,234)  (1834,259)  (1817,211)  (1791,210)  (1767,196)
SZ28  (370,358)  (390,382)  (365,334)  (389,334)
SZ27  (334,165)  (310,188)  (310,164)  (357,189)  (334,141)  (358,141)  (358,165)  (308,140)  (333,212)  (309,212)  (373,213)  (373,237)  (373,261)  (373,285)
SZ133  (1692,109)  (1668,125)  (1668,101)  (1716,91)  (1716,115)  (1659,77)  (1740,92)  (1740,116)
SZ134  (1624,31)  (1600,46)  (1600,22)  (1624,7)  (1648,33)  (1672,33)
SZ131  (1635,184)  (1611,207)  (1611,183)  (1658,208)  (1635,160)  (1659,160)  (1659,184)  (1609,159)  (1587,210)  (1587,186)  (1682,208)  (1683,149)  (1683,173)  (1585,162)  (1585,138)  (1609,135)  (1706,197)  (1707,149)  (1707,173)  (1731,149)  (1731,173)
SZ132  (1793,144)  (1769,167)  (1769,143)  (1816,168)  (1793,120)  (1817,129)  (1767,119)  (1791,96)  (1764,95)
SZ22  (308,269)  (284,289)  (284,265)  (331,293)  (308,245)  (332,245)  (332,269)  (283,241)
SZ21  (225,259)  (201,275)  (201,251)  (249,238)  (249,262)  (254,286)  (177,274)  (177,250)
SZ20  (269,555)  (245,576)  (245,552)  (269,531)  (293,531)  (293,555)  (241,528)  (317,524)  (317,548)  (317,572)
SZ135  (1729,53)  (1705,67)  (1705,43)  (1753,55)  (1777,58)
GI South  (3,93)  (0,69)
GI East  (105,11)  (81,30)  (129,0)